0000000000
1111111111
2222222222
7242393190
7242393191
795748524
1075156702
407991955
196608293
1380097920
1829256562
1031291450
1306689152
1848500673
1779301876
1518123846
686212974
2137213370
2121627144
656708635
1882657783
1171075698
359403823
924880776
2136911811
946024450
2049675139
582857067
1475073062
1571736417
1599572643
1986616808
1200118160
2041243342
645504553
1704737904
1494869259
288164222
1850349204
874977122
392424806
2026009707
124605256
1348603809
1526465434
1092148659
1092944050
1687855233
503910951
796191324
1958337782
1399553381
1580630091
660577870
543906968
2089671156